   4.4583224e-06   2.2204460e-16
   2.2204460e-16   2.2204460e-16
   2.2566856e-05   2.2204460e-16
   2.2204460e-16   2.2204460e-16
   4.1812408e-05   2.2204460e-16
   2.2204460e-16   2.2204460e-16
   6.3257546e-05   2.2204460e-16
   2.2204460e-16   2.2204460e-16
   8.8265659e-05   2.2204460e-16
   2.2204460e-16   0.0000000e+00
   1.1873671e-04   1.6410815e-16
   2.2204460e-16   3.2821629e-15
   1.5750620e-04   7.2125531e-14
   2.2204460e-16   1.2491912e-12
   2.0907672e-04   1.8561616e-11
   2.2204460e-16   2.3706767e-10
   2.8106415e-04   2.6031032e-09
   2.2204460e-16   2.4581243e-08
   3.8730359e-04   1.9969226e-07
   2.2204460e-16   1.3961565e-06
   5.5523101e-04   8.4045671e-06
   2.2204460e-16   4.3583902e-05
   8.4589552e-04   1.9481622e-04
   2.2204460e-16   7.5114485e-04
   1.4190767e-03   2.5004033e-03
   2.2204460e-16   7.1943001e-03
   2.8124531e-03   1.7920189e-02
   2.2204460e-16   3.8728902e-02
   7.8905205e-03   7.2856429e-02
   2.2204460e-16   1.1987461e-01
   7.4431053e-02   1.7376354e-01
   4.6216887e+00   2.2434847e-01
   7.4428591e-02   2.6231814e-01
   2.2204460e-16   2.8484823e-01
   7.8825466e-03   2.9839579e-01
   2.2204460e-16   3.1807887e-01
   2.7969381e-03   3.6526186e-01
   2.2204460e-16   4.6391968e-01
   1.3915204e-03   6.3493935e-01
   2.2204460e-16   8.8911572e-01
   7.9645761e-04   1.2220751e+00
   2.2204460e-16   1.6137387e+00
   4.5998752e-04   2.0321925e+00
   2.2204460e-16   2.4404358e+00
   1.7481433e-04   2.8040605e+00
   2.0660634e-05   3.0966606e+00
   2.2204460e-16   3.3001846e+00
   1.1388805e-03   3.4020117e+00
   2.2204460e-16   3.3948775e+00
   2.4094470e-02   3.2833444e+00
   2.2278579e+00   3.0923242e+00
   3.8546394e+00   2.8675748e+00
   3.1495745e+00   2.6620391e+00
   1.9037133e+00   2.5136576e+00
   9.0803392e-01   2.4295032e+00
   5.2688358e-01   2.3879736e+00
   4.2466021e-01   2.3571225e+00
   2.8033598e-01   2.3153175e+00
   1.9675001e-01   2.2605277e+00
   1.0358012e-01   2.2054215e+00
   9.3926530e-02   2.1663705e+00
   3.6322557e-02   2.1554687e+00
   2.4959856e-02   2.1768176e+00
   3.2397518e-02   2.2229665e+00
   2.1805635e-02   2.2718933e+00
   1.3996781e-02   2.2916924e+00
   1.0890349e-02   2.2562520e+00
   1.0972683e-02   2.1620051e+00
   1.8404126e-02   2.0300491e+00
   7.9587121e-03   1.8897970e+00
   1.0704596e-02   1.7580882e+00
   1.6456727e-03   1.6314206e+00
   3.1117940e-05   1.4953247e+00
   1.5173110e-03   1.3396130e+00
   1.5790385e-03   1.1661817e+00
   1.5177834e-03   9.8615390e-01
   1.6411091e-03   8.1297651e-01
   6.0891091e-03   6.5841893e-01
   3.1834975e-03   5.3193782e-01
   3.0354869e-03   4.3986575e-01
   6.1531020e-05   3.8326979e-01
   2.2204460e-16   3.5705823e-01
   1.5186035e-05   3.5224163e-01
   6.1191343e-06   3.5952495e-01
   1.5289292e-03   3.7121973e-01
   8.9073789e-06   3.8133133e-01
   8.6990960e-06   3.8612380e-01
   2.2204460e-16   3.8584443e-01
   1.1791953e-05   3.8507912e-01
   2.2204460e-16   3.8928707e-01
   1.1821673e-05   3.9902269e-01
   2.2204460e-16   4.0682910e-01
   1.2692491e-05   4.0045811e-01
   2.2204460e-16   3.7053872e-01
   3.3637123e-05   3.1664664e-01
   1.5034567e-03   2.4741327e-01
   3.2835562e-05   1.7565602e-01
   2.2204460e-16   1.1268181e-01
   1.0303285e-05   6.4890542e-02
   2.2204460e-16   3.3300538e-02
   7.9286267e-06   1.5114882e-02
   2.2204460e-16   6.0263727e-03
   6.8027829e-06   2.0984224e-03
   2.2204460e-16   6.3522749e-04
   5.9846459e-06   1.6659397e-04
   2.2204460e-16   3.7754668e-05
   5.2941971e-06   7.3799478e-06
   2.2204460e-16   1.2425670e-06
   4.6751449e-06   1.8002939e-07
   2.2204460e-16   2.2429089e-08
   4.1037084e-06   2.4015592e-09
   2.2204460e-16   2.2090985e-10
   3.5673484e-06   1.7451753e-11
   2.2204460e-16   1.1838762e-12
   3.0582157e-06   6.9171584e-14
   2.2204460e-16   3.3642170e-15
   2.5707165e-06   0.0000000e+00
   2.2204460e-16   4.9232444e-16
   2.1004688e-06   0.0000000e+00
   2.2204460e-16   8.2054073e-17
   1.6438007e-06   2.2204460e-16
   2.2204460e-16   2.2204460e-16
   1.1974816e-06   2.2204460e-16
   2.2204460e-16   2.2204460e-16
   7.5856382e-07   2.2204460e-16
   2.2204460e-16   2.2204460e-16
   3.2427877e-07   1.6410815e-16
   2.2204460e-16   2.2204460e-16
